2056.1526021427007,107,2,20
-0.5,1.53,3.72,3.34,2.45,-4.29,-3.3,0.99,-1.14,-2.26,-3.68,14.75,8.24,2.18,-0.65,-0.23,-2.07,-2.03,-1.14,0.27,
2007.377195313451,19,11,21
3.06,3.02,-2.11,-1.99,-3.38,-2.87,3.11,-9.92,-8.77,-8.77,3.26,7.16,5.13,8.05,-0.11,3.98,1.73,-1.14,-3.99,-4.52,-3.91,
1821.5364655569194,31,1,21
-0.57,5.48,0.5,-1.12,-3.91,-4.6,-4.18,6.43,-11.75,-11.75,-9.53,-1.8,2.37,8.24,6.43,-0.23,3.45,-1.65,-3.3,-3.6,-3.87,
1792.882496505968,49,15,20
-0.99,4.25,4.06,-1.33,-2.49,-3.06,-4.79,13.17,-13.29,-11.88,-6.44,-2.34,2.37,7.59,4.9,4.33,7.21,-2.03,-2.83,-1.54,
1790.3950566174135,89,4,20
2.83,-1.73,-1.95,-2.15,-0.61,-1.31,-2.34,-1.99,10.42,0.69,-2.11,-0.27,-0.19,-0.95,-0.46,-0.08,-0.15,3.57,0.69,-0.27,
1660.3781396243014,29,19,20
2.79,0.5,-0.27,0.3,-2.53,-1.84,-1.61,-0.42,-0.69,-2.07,-1.5,14.4,2.68,-1.12,0.19,-1.54,-1.46,-0.76,0.46,3.68,
1649.5488068965121,1,10,21
5.56,0.3,-1.46,-2.22,-5.71,-4.67,13.33,-0.89,-11.35,-8.2,3.34,10.0,6.28,7.04,0.11,2.41,-1.76,-1.38,-1.31,-4.18,-6.78,
1629.075350564995,55,18,21
-12.34,-10.23,-3.99,8.73,3.79,3.76,6.89,-0.72,4.25,-2.64,-0.99,-2.56,-4.79,5.33,10.65,-12.49,-5.86,-1.65,8.62,4.06,4.48,
1627.782380334678,67,6,21
-13.87,-13.87,-6.28,1.23,2.03,9.85,5.43,2.18,6.55,-0.08,-2.96,-1.99,-3.11,-0.04,14.56,-12.79,-12.91,-6.21,7.63,5.82,4.94,
1623.1736341590945,83,3,22
-0.5,-0.19,2.87,-2.26,-2.87,-2.34,0.0,-0.69,-1.8,-2.34,14.79,2.34,1.08,-3.11,-1.73,-0.57,1.69,1.76,-0.5,-0.42,0.42,-1.38,
1592.1167359948363,23,0,20
1.53,-0.57,0.0,-2.72,-1.92,-1.42,0.57,-1.84,-3.02,-2.11,11.07,2.75,-2.45,-1.5,-1.46,-0.89,0.95,0.65,0.19,1.73,
1591.4496087098212,85,11,21
5.67,4.4,-1.92,-2.18,-3.45,-4.02,5.6,-9.3,-12.03,-7.7,-1.33,12.26,0.04,1.65,5.41,-1.46,4.82,-2.72,-0.19,-2.45,-3.38,
1535.3537227471325,7,13,20
-10.69,-6.97,-5.52,9.53,3.06,7.5,6.93,4.21,1.61,-0.99,-1.23,-3.64,-4.94,1.27,11.88,-9.08,-9.77,-3.95,10.46,10.0,
1533.997894735838,113,4,20
0.19,1.14,0.23,4.4,-0.5,-0.5,-3.15,-3.15,-3.15,-4.33,-2.07,15.09,7.82,-4.33,-2.49,-2.15,-1.12,2.87,-1.42,-0.5,
1514.2420835567896,17,1,21
4.9,2.72,-1.46,-2.15,-2.76,1.27,-1.08,-1.92,-2.15,14.6,10.8,1.95,0.42,-2.07,-1.57,-1.5,-0.72,-1.08,1.38,1.53,0.27,
1510.4103647234172,11,1,21
-0.11,0.53,1.99,3.91,-2.53,-2.34,-0.38,1.57,-0.84,-2.72,-0.84,14.33,10.27,-0.31,3.02,-2.72,-1.61,-1.12,1.04,1.69,-0.95,
1485.7897689068566,25,14,21
-11.22,-8.73,-4.1,6.28,5.79,4.82,6.63,-0.19,3.17,-3.6,-0.99,-2.37,-3.91,5.18,9.23,-15.43,-11.35,-1.84,11.54,2.14,8.77,
1477.5035980563666,95,17,21
-0.69,1.38,-0.15,0.04,3.49,-0.34,2.45,3.72,-2.49,-2.79,-2.91,-1.04,-2.18,-3.26,4.79,4.79,-1.14,-0.46,-1.69,-1.38,-0.8,
1474.2721832022255,71,8,20
2.11,-0.76,0.72,-3.38,-3.38,-3.38,-2.37,-0.72,0.0,-2.22,-0.46,15.01,7.7,2.49,-1.31,-1.46,-2.15,-1.08,-0.42,0.38,
1436.4477271473831,77,4,21
1.14,0.0,1.99,1.69,-1.99,-2.34,-1.18,0.46,-1.46,-1.76,0.69,16.51,6.36,2.22,-2.26,-1.61,-1.14,-0.38,-0.42,0.34,0.08,
1426.2779315063283,59,12,20
0.15,1.61,-1.95,0.91,2.79,-1.84,-2.83,-0.76,-0.61,-1.57,-1.38,9.15,12.68,3.15,-1.18,-2.53,-2.18,-1.14,0.19,1.27,
1391.4083517278111,13,1,20
4.82,-1.33,-0.5,-4.14,-4.82,-2.68,14.21,-11.41,-9.58,-4.99,7.59,8.12,4.4,7.31,0.38,3.6,-0.11,-2.34,-3.57,-4.63,
1386.399681876443,101,5,26
-0.31,-3.57,-2.64,-0.15,-1.46,-3.15,-4.44,0.11,4.14,-1.42,-2.3,-0.8,1.14,2.14,0.46,-0.08,0.38,4.9,-0.72,5.82,-3.91,-0.95,1.95,-0.15,-1.95,-2.76,
1362.6164766407885,52,17,21
2.64,-2.45,-2.26,-1.92,2.98,-2.11,-2.56,2.64,-6.36,-6.59,-5.24,-2.3,9.38,5.2,9.96,-5.01,8.47,0.69,3.64,-2.41,-1.84,
1350.4265901004453,43,14,25
-15.55,-7.4,-2.49,12.11,1.08,5.56,2.72,-1.38,6.97,-1.12,-1.76,-3.76,-3.49,11.95,-0.95,-13.63,-10.84,3.57,9.89,1.04,7.7,-0.11,4.59,4.29,-1.18,
1344.0868154727154,35,2,26
-2.49,-1.8,-1.65,-0.8,-1.38,-3.3,-3.72,7.27,2.07,-0.19,-0.27,-1.69,-1.08,-0.11,1.14,-0.69,3.11,2.3,-0.57,1.08,-2.34,-2.11,-1.8,-1.38,-0.76,-2.64,
1338.2151825238843,53,15,22
2.22,-0.93,1.99,-1.73,-1.65,-2.41,-2.07,-0.38,-2.07,-2.76,-0.65,5.98,1.53,0.19,-0.76,-0.95,0.0,0.0,0.0,1.69,1.23,1.84,
1337.4987561640278,119,5,20
-1.14,1.12,2.53,0.08,3.26,-1.88,-2.26,1.76,-1.14,-2.26,-3.6,7.01,13.1,1.27,-1.38,-1.69,-2.3,-0.38,4.02,-0.84,
1332.311613364238,103,8,21
5.75,2.79,0.04,-2.22,-3.79,-4.9,1.57,-8.73,-13.91,-6.7,-2.22,5.09,4.63,5.18,4.44,0.42,5.98,1.12,0.11,-3.34,-4.75,
1330.03838701066,97,15,21
6.66,1.38,-0.34,1.38,-3.38,-4.25,3.41,-7.74,-10.95,-6.59,-2.15,8.12,3.68,6.24,4.56,3.06,4.1,-0.31,-1.31,-3.21,-4.44,
1324.3243065553565,73,15,20
-7.06,-12.22,-10.12,3.45,11.14,6.09,3.15,-0.5,1.27,5.71,-3.17,-2.37,-2.6,-2.98,1.8,-12.18,-13.14,-8.16,-0.04,5.33,
1265.346130978162,54,2,20
-0.72,-0.31,0.27,3.53,3.53,3.21,2.03,0.23,-1.31,-2.03,-2.15,3.91,-6.36,-4.25,-3.91,-2.56,0.08,0.61,-0.27,3.34,
1258.5343734015444,24,4,20
-3.95,-2.45,-1.04,-0.19,-1.54,-1.27,-2.07,2.37,11.65,2.56,2.11,-0.72,-1.5,-1.31,-0.38,-2.37,-1.42,-0.93,-2.76,-0.99,
1252.7388902246196,91,13,21
-6.02,-11.69,-3.11,10.0,1.61,7.97,5.37,-0.23,2.87,0.04,0.23,-2.68,-4.06,-2.07,16.89,-3.15,-12.37,-6.13,3.95,6.89,4.99,
1251.2137321156672,65,12,20
2.14,0.99,3.72,-0.15,-1.69,-2.49,0.5,-0.42,-1.54,-0.69,15.43,7.5,3.06,-2.68,-1.33,-0.93,-0.8,-0.65,-0.27,0.53,
1236.712604981045,37,19,21
-8.35,-8.35,-4.06,8.35,2.75,5.56,6.93,-0.93,2.26,-1.65,-1.54,-3.68,-3.6,3.41,12.3,-13.59,-8.54,-4.82,1.53,9.34,6.21,
1228.367538836968,23,20,20
3.83,-1.69,1.53,-2.34,-1.92,-2.45,0.72,-0.8,-2.11,-1.88,16.24,5.33,4.14,-2.91,-1.46,-0.42,0.8,2.07,-1.18,-0.53,
1185.0844076608882,5,16,20
2.96,1.53,1.46,-1.46,-1.73,-2.15,0.76,-0.5,1.23,1.14,0.04,1.8,3.79,-0.27,-2.22,-0.72,2.56,-0.95,-3.26,-2.11,
1183.4760414511613,102,2,21
0.61,-0.65,2.64,1.38,-1.92,-1.88,1.84,0.72,0.46,0.0,-1.5,3.76,-2.64,-3.17,5.56,1.95,0.69,3.17,1.33,0.11,1.57,
1155.4219272946484,22,20,20
0.19,5.28,-2.6,-0.57,0.61,6.24,-2.07,4.59,-0.42,0.3,0.46,-0.69,3.49,3.34,0.95,1.12,-0.72,-2.3,-2.15,-1.88,
1152.5425797736018,70,4,20
-1.08,4.02,-0.61,-1.57,-1.27,-1.61,-0.19,3.79,3.95,-0.19,3.11,2.96,5.18,2.41,-2.53,-3.06,-1.27,3.83,-4.52,-5.56,
1138.1743165545624,21,6,26
-0.42,-0.84,-0.76,-0.69,-0.57,-0.61,-0.61,-0.34,0.15,-0.04,-0.34,-0.61,-0.65,-0.69,-0.57,-0.38,-0.11,-0.31,-0.57,-0.65,-0.42,-0.19,-0.19,-0.42,-0.69,-0.61,
1120.4947647353677,58,14,24
-0.04,-1.92,-2.18,-0.93,-1.33,2.07,3.91,9.77,-4.48,-4.48,-4.48,10.99,1.73,0.53,-1.99,-1.5,6.02,-1.54,-4.52,5.52,1.76,1.69,0.72,2.41,
1119.3419161159254,47,5,20
-1.8,15.75,4.48,1.65,0.84,-1.04,-1.23,-1.27,-0.61,-0.42,0.84,3.41,0.76,3.36,1.12,-2.49,-1.57,-0.93,0.27,-0.61,
1106.2776067742298,33,4,26
-0.46,-0.57,-0.5,-0.42,-0.42,-0.53,-0.46,-0.46,-0.46,-0.38,-0.46,-0.46,-0.46,-0.57,-0.38,-0.42,-0.5,-0.53,-0.46,-0.42,-0.53,-0.53,-0.42,-0.53,-0.57,-0.38,
1103.8879090382875,45,8,26
-0.42,-0.5,-0.5,-0.46,-0.46,-0.5,-0.46,-0.5,-0.5,-0.5,-0.57,-0.53,-0.53,-0.57,-0.5,-0.5,-0.5,-0.5,-0.5,-0.42,-0.42,-0.57,-0.53,-0.46,-0.42,-0.53,
1103.872785064288,9,8,26
-0.46,-0.5,-0.46,-0.46,-0.5,-0.57,-0.53,-0.46,-0.46,-0.5,-0.5,-0.53,-0.5,-0.5,-0.5,-0.5,-0.5,-0.5,-0.42,-0.46,-0.53,-0.46,-0.46,-0.5,-0.46,-0.46,
1103.2892563761434,27,9,26
-0.46,-0.42,-0.53,-0.42,-0.34,-0.57,-0.53,-0.38,-0.42,-0.46,-0.38,-0.42,-0.5,-0.42,-0.5,-0.46,-0.42,-0.53,-0.5,-0.5,-0.53,-0.5,-0.5,-0.5,-0.5,-0.5,
1102.6992820386604,75,0,26
-0.46,-0.5,-0.46,-0.46,-0.5,-0.46,-0.42,-0.38,-0.34,-0.34,-0.46,-0.61,-0.53,-0.53,-0.42,-0.34,-0.46,-0.5,-0.5,-0.38,-0.42,-0.46,-0.34,-0.5,-0.53,-0.5,
1102.3020190071,3,5,26
-0.46,-0.5,-0.5,-0.46,-0.42,-0.46,-0.46,-0.34,-0.42,-0.5,-0.42,-0.38,-0.46,-0.5,-0.42,-0.42,-0.38,-0.53,-0.5,-0.42,-0.5,-0.5,-0.31,-0.57,-0.53,-0.46,
1098.8912212584246,39,10,26
-0.46,-0.46,-0.42,-0.34,-0.42,-0.42,-0.42,-0.38,-0.42,-0.5,-0.46,-0.42,-0.5,-0.5,-0.46,-0.46,-0.46,-0.5,-0.5,-0.46,-0.5,-0.5,-0.42,-0.5,-0.53,-0.5,
1097.983900516333,15,11,26
-0.42,-0.42,-0.38,-0.5,-0.42,-0.46,-0.5,-0.42,-0.38,-0.42,-0.53,-0.42,-0.46,-0.46,-0.53,-0.46,-0.46,-0.5,-0.46,-0.46,-0.5,-0.5,-0.46,-0.42,-0.5,-0.46,
1097.7445152674716,72,20,20
-2.49,-1.69,-1.12,-0.95,-0.27,1.76,0.95,4.59,2.34,1.27,-0.38,1.12,-1.42,-0.93,9.11,-0.23,-2.18,-0.99,-1.88,-0.23,
1096.8068994027326,81,6,26
-0.42,-0.46,-0.38,-0.19,-0.23,-0.42,-0.5,-0.31,-0.34,-0.38,-0.46,-0.46,-0.46,-0.42,-0.42,-0.46,-0.34,-0.31,-0.38,-0.5,-0.57,-0.5,-0.38,-0.23,-0.38,-0.53,
1095.8789637214547,51,7,26
-0.46,-0.53,-0.57,-0.5,-0.38,-0.23,-0.27,-0.38,-0.46,-0.27,-0.42,-0.46,-0.5,-0.57,-0.42,-0.34,-0.34,-0.38,-0.46,-0.23,-0.38,-0.42,-0.46,-0.31,-0.27,-0.38,
1094.6714280506,69,1,26
-0.46,-0.46,-0.42,-0.5,-0.5,-0.5,-0.46,-0.46,-0.5,-0.42,-0.5,-0.46,-0.38,-0.5,-0.5,-0.38,-0.38,-0.46,-0.42,-0.46,-0.38,-0.42,-0.42,-0.42,-0.46,-0.42,
1092.9826690066461,57,0,26
-0.42,-0.42,-0.46,-0.42,-0.38,-0.46,-0.5,-0.46,-0.42,-0.46,-0.46,-0.46,-0.38,-0.53,-0.46,-0.38,-0.42,-0.46,-0.38,-0.34,-0.34,-0.46,-0.34,-0.31,-0.46,-0.42,
1088.4162517278191,63,3,26
-0.42,-0.42,-0.42,-0.42,-0.42,-0.5,-0.34,-0.31,-0.34,-0.42,-0.42,-0.42,-0.34,-0.34,-0.31,-0.38,-0.42,-0.38,-0.34,-0.34,-0.42,-0.42,-0.38,-0.38,-0.38,-0.46,
1081.3510198522315,34,0,21
-1.18,2.64,2.64,16.97,-0.57,-3.6,2.07,-1.5,-0.99,-0.72,2.98,0.57,4.82,3.68,1.88,-3.72,-3.11,-0.76,-0.84,-2.41,-2.26,
1066.385049019549,87,11,26
-0.23,-0.19,-0.23,-0.27,-0.15,-0.11,-0.31,-0.19,-0.23,-0.19,-0.38,-0.31,-0.27,-0.31,-0.31,-0.31,-0.31,-0.31,-0.34,-0.34,-0.38,-0.34,-0.19,-0.27,-0.23,-0.23,
1063.3159120845937,117,6,22
0.23,2.91,1.33,-0.27,-0.65,0.0,0.42,0.3,-0.08,0.08,0.11,0.11,-0.08,-0.31,-0.15,-0.08,0.08,0.0,-0.11,-0.11,0.08,0.0,
1051.2626831834611,93,14,26
-0.15,-0.19,-0.11,-0.27,-0.27,-0.31,-0.31,-0.38,-0.23,-0.19,-0.19,-0.15,-0.15,-0.23,-0.27,-0.11,0.0,-0.08,-0.15,-0.23,-0.19,-0.31,0.04,-0.08,-0.11,-0.23,
1049.7244405429037,99,5,26
0.0,-0.23,-0.15,-0.15,-0.15,-0.19,-0.11,-0.11,-0.19,-0.11,-0.11,-0.19,-0.27,-0.34,-0.23,-0.15,-0.11,-0.23,-0.31,-0.38,-0.19,-0.08,-0.23,-0.19,-0.23,-0.15,
1043.314069566464,105,8,26
-0.08,-0.08,0.04,-0.04,-0.04,-0.11,-0.11,-0.08,0.0,0.08,-0.08,-0.15,-0.11,-0.15,-0.15,-0.19,-0.23,-0.27,-0.23,-0.23,-0.19,-0.27,-0.11,-0.04,-0.11,-0.19,
1042.1353864807052,115,12,20
3.6,-0.15,1.18,-2.6,-1.88,9.53,2.83,-3.26,-2.37,-1.31,8.27,6.13,3.21,4.86,-1.54,3.76,0.11,-0.08,-4.63,-4.6,
1038.8499551063503,111,10,26
-0.19,-0.19,-0.19,-0.19,-0.19,-0.19,-0.19,0.15,0.08,-0.08,-0.04,-0.08,-0.08,-0.04,0.0,0.08,0.15,0.11,0.04,-0.11,-0.19,-0.15,-0.15,-0.15,-0.23,-0.15,
1005.9628163839712,40,20,20
2.75,3.11,6.02,-0.27,-1.14,-0.89,-0.08,0.57,0.38,0.46,1.14,3.21,1.92,0.08,5.94,1.61,-2.64,-2.03,-0.89,-0.99,
1001.1636237758378,88,0,20
-1.18,-2.72,8.24,2.6,-2.41,-2.3,2.79,-0.27,-0.04,1.33,2.98,4.37,4.4,3.26,-2.83,0.23,0.57,-0.42,-1.14,-1.18,
992.1889230312485,41,18,20
0.8,-0.15,2.79,2.03,-1.33,-1.54,-0.89,1.23,-1.57,-1.14,10.27,12.64,5.48,0.42,-1.61,-0.69,-0.99,-0.38,1.12,-0.65,
967.6521648887439,106,12,20
1.84,4.37,2.53,-0.99,-0.93,2.49,2.6,0.5,-0.04,0.23,7.25,0.42,3.83,-2.03,-1.14,-1.14,0.76,-2.49,-2.68,-0.38,
966.8363493847145,16,4,20
5.13,-2.6,-4.06,-3.21,0.19,0.46,0.72,1.46,0.38,-0.42,8.66,0.69,0.99,2.26,-1.99,0.3,0.3,0.3,0.04,1.88,
966.6400831997368,109,1,23
0.0,1.73,-1.54,0.11,-2.45,-3.26,-1.33,14.67,0.08,-10.46,-8.92,6.36,7.08,6.43,2.11,5.48,3.98,4.44,0.46,0.53,-2.83,-3.72,-0.76,
966.2814082443768,4,17,22
-3.06,-1.88,-1.18,4.02,-3.79,4.4,2.91,4.71,5.75,3.17,5.33,-3.34,3.34,9.62,-3.38,-0.93,-0.15,9.23,1.99,-5.18,-2.96,-0.8,
955.2290047773511,12,19,20
-2.76,7.21,2.14,-3.17,5.71,0.69,3.36,8.16,1.46,-2.53,-2.53,-2.53,-2.53,2.98,4.52,-2.49,-2.45,-3.11,-2.64,-0.61,
939.4825141238041,76,11,22
1.38,3.95,-1.27,1.53,1.69,-2.11,-2.22,-1.18,-0.08,0.72,1.99,3.76,7.63,0.11,5.86,-1.73,3.41,1.04,-0.89,-1.69,-1.5,-0.46,
936.4204416341486,61,6,25
-2.68,-1.69,-3.34,-4.63,0.5,16.09,-12.37,-8.16,-3.06,10.04,4.44,5.37,6.66,1.14,-1.54,6.17,-1.38,-1.69,-2.41,0.65,14.4,-1.18,-11.75,-4.1,-0.72,
850.6911277557364,79,18,20
2.14,-2.03,-3.49,-3.49,-2.53,8.66,8.66,-7.55,-4.25,2.41,7.4,6.32,3.83,5.24,-1.04,2.64,-2.45,-0.38,-1.92,-1.88,
839.1860115937108,28,19,20
-2.76,9.0,2.56,-2.11,-2.98,-2.03,-1.8,4.79,-4.82,8.35,9.81,1.88,4.52,-2.98,8.69,0.38,-2.45,-2.26,-1.57,2.03,
829.4044060838745,100,11,20
-3.3,-3.21,1.69,7.4,1.27,-0.38,4.21,4.21,7.21,3.45,6.43,-4.4,7.7,-2.45,-2.45,-2.45,-1.88,-0.46,2.83,2.49,
825.8204202143497,42,19,21
2.98,6.02,7.16,1.76,1.33,2.03,7.25,4.63,-2.68,-2.83,-1.33,-0.69,-0.15,1.12,1.12,6.02,1.27,0.11,1.12,-0.65,-0.95,
819.2872751373038,108,19,21
2.14,-0.5,5.71,-2.37,-1.57,2.22,2.22,3.41,1.73,2.11,6.85,5.6,3.3,2.56,1.27,-0.15,-1.14,-2.91,-1.99,-1.57,-1.08,
813.1494989592601,112,17,21
1.38,4.4,0.38,-0.93,-0.5,-2.22,-0.38,2.34,3.11,8.54,10.88,3.53,2.56,-1.61,0.27,1.12,-1.76,-1.76,0.3,2.53,0.8,
768.5059078676167,10,3,20
-2.87,-2.41,-2.18,-0.57,-2.26,3.83,1.53,7.55,3.79,4.48,-2.07,10.95,0.91,3.06,-3.06,-1.65,-0.65,6.66,-0.69,-0.76,
760.2987179376333,84,5,20
-5.09,-3.64,-0.23,0.27,2.75,4.71,2.75,4.52,1.65,-1.14,2.03,0.04,0.23,-0.65,3.79,5.37,2.6,0.15,1.73,0.95,
667.8090578397379,0,14,22
0.0,-4.06,8.01,5.75,2.6,7.04,0.46,10.04,-4.67,0.27,8.39,-0.8,-5.01,-7.46,8.2,4.52,1.92,5.75,1.18,6.89,-2.91,-1.65,
665.9667065830582,94,12,20
-1.04,-0.08,-1.18,-1.04,-0.34,2.49,1.61,3.06,10.04,6.93,6.21,-2.72,6.7,6.66,-0.46,-2.34,-2.07,-1.92,6.02,-4.29,
644.5454847153137,6,2,21
0.08,0.11,-0.38,-0.69,-0.8,4.25,5.75,-3.34,2.83,-3.38,-1.99,7.31,2.68,2.96,1.18,2.56,4.48,1.38,5.63,4.06,2.11,
637.1602765485677,46,6,21
-1.5,0.46,-0.27,0.27,-2.34,-2.76,1.08,6.7,0.53,0.3,7.74,8.12,2.34,1.46,10.46,5.09,1.95,-1.14,-2.11,-1.65,0.11,
629.120248673126,64,1,20
2.91,0.72,-2.53,-4.29,-1.23,5.67,0.95,-0.08,7.63,9.15,3.64,4.56,-1.54,12.37,0.38,-2.72,-3.57,-2.68,-0.19,-1.31,
587.5233953476261,88,20,20
3.83,17.43,-1.73,3.26,-2.07,-2.15,-1.42,2.41,5.41,1.5,-0.31,0.23,8.88,0.61,-2.26,-0.57,5.18,-1.57,-1.27,-0.27,
577.5331932458176,114,15,20
5.52,2.87,-2.37,-2.37,-2.37,-0.61,6.7,4.44,2.83,1.95,-0.23,0.76,6.4,4.18,4.37,3.83,4.1,6.63,-4.25,0.53,
560.8077953936852,78,19,21
-1.14,-0.99,5.98,6.02,2.49,1.65,-0.61,-1.61,6.89,3.53,3.34,2.3,5.33,0.46,3.98,1.88,-2.96,8.58,0.27,-2.3,-3.15,
552.4246605472263,48,2,22
1.8,4.18,12.18,2.87,-3.34,-1.95,-0.84,11.8,-2.18,-6.05,7.63,5.67,4.63,6.7,2.96,3.21,-4.75,-2.56,2.75,8.01,-7.16,-1.33,
538.7070917453945,82,12,20
1.84,1.46,7.27,2.41,-1.76,-2.07,-1.12,0.19,-0.27,0.27,10.69,7.55,0.72,3.41,6.47,8.85,0.34,0.69,-2.87,-1.14,
531.1368648947338,22,0,20
-0.34,3.76,6.85,1.69,7.21,-0.31,-0.19,-0.31,-1.42,-2.91,-2.68,3.36,4.52,-3.87,5.09,8.69,1.95,-0.5,0.84,10.23,
522.2597934631929,60,9,22
3.3,3.87,4.82,2.56,-0.84,1.57,8.16,1.69,-1.57,-2.34,1.53,4.71,5.43,2.98,3.21,6.05,-1.99,3.68,-0.04,6.85,2.68,-1.76,
521.445913529802,96,1,20
1.5,5.6,4.44,2.6,2.87,1.61,1.5,1.65,6.21,-0.08,-3.68,5.75,0.11,4.86,3.53,2.41,4.21,3.98,-0.31,-1.73,
515.5220935090975,72,0,20
4.82,3.17,5.43,5.05,8.39,-4.25,-6.32,-4.52,6.17,-1.76,1.46,7.86,5.52,1.76,3.72,3.72,8.58,3.06,-2.56,-2.18,
479.4276174577446,66,12,20
-1.42,2.64,0.04,8.35,-1.8,-2.6,10.27,6.09,4.79,5.28,2.83,2.03,2.14,4.14,-1.33,-0.46,6.89,-0.19,-1.8,-3.15,
471.0892467676056,90,20,20
10.11,3.49,0.61,3.53,4.82,4.1,8.77,-3.45,0.34,-0.99,-1.38,2.41,1.5,1.76,3.02,0.38,1.5,1.23,0.11,-1.73,
439.78287322257876,118,15,20
1.57,-0.65,-0.65,2.72,-2.03,5.86,-0.93,6.82,9.34,2.96,5.82,-3.02,14.52,3.41,1.61,-1.8,-1.8,-1.23,-0.11,0.23,
415.80409441904544,36,3,20
3.68,-5.05,-4.44,3.64,5.18,1.73,3.53,4.48,3.57,2.34,1.14,11.92,1.84,1.18,3.26,6.66,6.97,1.8,-2.64,-1.65,
374.7744474687323,104,0,35
9.7,9.7,9.7,9.7,9.7,9.7,9.72,9.72,9.66,9.7,9.81,9.77,9.62,9.66,9.7,9.77,9.72,9.7,9.7,9.7,9.7,9.7,9.7,9.66,9.7,9.7,9.72,9.7,9.72,9.72,9.7,9.7,9.7,9.7,9.7,
374.6483146061969,110,1,35
9.7,9.7,9.72,9.66,9.72,9.72,9.72,9.72,9.7,9.66,9.7,9.7,9.77,9.72,9.7,9.7,9.77,9.72,9.66,9.7,9.7,9.7,9.7,9.58,9.58,9.72,9.72,9.7,9.72,9.72,9.72,9.66,9.7,9.7,9.72,
373.6459640762467,92,3,35
9.58,9.66,9.66,9.72,9.66,9.7,9.62,9.66,9.7,9.72,9.7,9.7,9.66,9.62,9.7,9.66,9.66,9.66,9.62,9.7,9.7,9.7,9.7,9.7,9.7,9.66,9.7,9.7,9.66,9.66,9.7,9.66,9.7,9.7,9.7,
373.3881016709721,38,5,35
9.7,9.66,9.66,9.66,9.7,9.66,9.66,9.66,9.66,9.7,9.66,9.66,9.66,9.66,9.66,9.66,9.66,9.66,9.7,9.66,9.7,9.66,9.7,9.66,9.66,9.72,9.72,9.7,9.7,9.62,9.66,9.62,9.66,9.7,9.66,
373.0557279303523,20,3,35
9.7,9.66,9.66,9.72,9.7,9.72,9.7,9.66,9.62,9.66,9.7,9.66,9.66,9.66,9.66,9.72,9.72,9.7,9.7,9.7,9.7,9.66,9.7,9.66,9.66,9.7,9.66,9.62,9.7,9.62,9.7,9.7,9.58,9.77,9.7,
373.0458865736348,116,5,35
9.66,9.7,9.62,9.62,9.62,9.66,9.66,9.66,9.66,9.66,9.7,9.66,9.7,9.7,9.7,9.7,9.66,9.7,9.66,9.66,9.66,9.66,9.66,9.66,9.62,9.7,9.7,9.7,9.7,9.72,9.7,9.66,9.7,9.7,9.7,
372.9722820758182,98,1,35
9.7,9.7,9.7,9.7,9.7,9.66,9.66,9.66,9.66,9.66,9.7,9.66,9.7,9.66,9.7,9.7,9.7,9.7,9.7,9.7,9.66,9.62,9.62,9.7,9.58,9.66,9.7,9.66,9.66,9.66,9.7,9.62,9.66,9.7,9.7,
372.9629077539373,14,5,35
9.66,9.7,9.7,9.7,9.66,9.7,9.66,9.77,9.66,9.7,9.7,9.7,9.62,9.58,9.62,9.62,9.66,9.62,9.62,9.66,9.66,9.66,9.62,9.7,9.66,9.66,9.7,9.66,9.62,9.66,9.66,9.66,9.66,9.66,9.66,
372.8557792142842,44,5,35
9.66,9.66,9.7,9.66,9.58,9.58,9.7,9.7,9.62,9.62,9.58,9.66,9.66,9.66,9.66,9.7,9.72,9.66,9.66,9.7,9.66,9.66,9.7,9.62,9.66,9.66,9.7,9.7,9.66,9.66,9.7,9.7,9.72,9.66,9.7,
372.84713689306847,32,4,35
9.66,9.7,9.7,9.7,9.66,9.66,9.7,9.66,9.7,9.66,9.66,9.66,9.66,9.66,9.66,9.7,9.66,9.66,9.66,9.62,9.62,9.66,9.7,9.62,9.62,9.66,9.7,9.66,9.7,9.7,9.7,9.66,9.7,9.66,9.66,
372.79351174510987,26,5,35
9.7,9.7,9.66,9.72,9.7,9.7,9.72,9.7,9.53,9.7,9.72,9.72,9.58,9.66,9.66,9.7,9.62,9.66,9.7,9.7,9.62,9.66,9.66,9.66,9.62,9.66,9.66,9.7,9.66,9.62,9.7,9.62,9.62,9.66,9.7,
372.46074384700455,2,4,35
9.62,9.66,9.62,9.62,9.66,9.66,9.66,9.62,9.66,9.66,9.66,9.7,9.66,9.66,9.66,9.66,9.66,9.66,9.66,9.7,9.7,9.66,9.7,9.66,9.62,9.7,9.66,9.66,9.66,9.7,9.62,9.66,9.66,9.66,9.66,
372.43967156981154,8,2,35
9.66,9.66,9.66,9.66,9.66,9.66,9.66,9.66,9.66,9.66,9.66,9.62,9.66,9.62,9.66,9.66,9.66,9.66,9.66,9.66,9.66,9.62,9.7,9.62,9.66,9.7,9.66,9.62,9.66,9.66,9.7,9.62,9.7,9.66,9.7,
372.3689706825322,86,1,35
9.62,9.7,9.7,9.7,9.66,9.66,9.62,9.66,9.62,9.66,9.66,9.72,9.66,9.66,9.66,9.62,9.7,9.66,9.7,9.62,9.66,9.58,9.62,9.66,9.66,9.66,9.66,9.66,9.66,9.72,9.62,9.66,9.7,9.62,9.66,
372.26574355477044,80,4,35
9.66,9.7,9.66,9.66,9.66,9.66,9.62,9.66,9.7,9.7,9.66,9.62,9.62,9.62,9.62,9.62,9.66,9.62,9.62,9.7,9.66,9.7,9.66,9.58,9.58,9.66,9.66,9.7,9.7,9.66,9.66,9.66,9.66,9.62,9.62,
372.0331477305538,62,1,35
9.58,9.62,9.66,9.66,9.7,9.66,9.66,9.62,9.66,9.66,9.66,9.66,9.62,9.66,9.66,9.66,9.66,9.66,9.58,9.62,9.62,9.66,9.66,9.62,9.66,9.66,9.7,9.62,9.66,9.62,9.66,9.66,9.66,9.62,9.66,
371.85128643081003,68,5,35
9.66,9.62,9.62,9.62,9.7,9.66,9.62,9.58,9.66,9.66,9.7,9.66,9.62,9.66,9.62,9.66,9.66,9.7,9.62,9.62,9.66,9.66,9.66,9.66,9.58,9.66,9.62,9.7,9.72,9.66,9.62,9.66,9.7,9.66,9.66,
371.8161052161282,56,3,35
9.66,9.58,9.66,9.66,9.62,9.7,9.66,9.66,9.62,9.62,9.66,9.66,9.62,9.62,9.7,9.62,9.66,9.66,9.62,9.62,9.66,9.66,9.66,9.58,9.66,9.66,9.7,9.66,9.62,9.66,9.66,9.62,9.62,9.62,9.62,
371.6523820797787,50,0,35
9.66,9.58,9.62,9.66,9.66,9.66,9.66,9.66,9.62,9.62,9.66,9.66,9.62,9.62,9.62,9.66,9.7,9.66,9.66,9.66,9.66,9.62,9.62,9.62,9.66,9.62,9.66,9.66,9.7,9.66,9.62,9.62,9.66,9.66,9.62,
371.43185511772305,74,3,35
9.62,9.66,9.62,9.66,9.66,9.62,9.62,9.66,9.66,9.62,9.62,9.62,9.66,9.7,9.62,9.66,9.66,9.62,9.66,9.66,9.62,9.62,9.62,9.66,9.66,9.66,9.66,9.62,9.66,9.62,9.62,9.66,9.66,9.66,9.7,
302.75632223925834,30,2,20
2.87,4.86,-0.08,4.14,2.14,-1.27,7.16,6.09,-3.38,-3.38,2.56,12.68,1.73,4.29,6.36,1.33,1.08,6.13,0.34,2.3,
299.8934181861484,18,2,20
-0.72,-4.06,-1.08,8.73,0.08,4.59,9.77,7.12,3.26,-3.95,2.83,11.11,1.5,-2.15,-1.42,12.41,2.22,4.06,4.99,2.03,
286.30296142989624,40,0,20
0.5,3.76,4.37,7.82,0.72,7.35,-1.84,8.73,7.65,2.41,-2.41,-1.76,-1.5,5.75,-3.49,2.83,3.53,7.04,0.42,5.28,
158.79697443327865,90,0,20
3.17,3.26,-1.5,6.97,5.01,0.53,6.32,1.99,3.91,5.28,11.07,2.03,-1.23,2.6,-1.42,5.28,4.99,0.42,3.6,5.28,
